310
93
37
75
13
12
41
63
65
44
69
58
35
7
99
47
56
66
61
84
15
67
17
32
77
95
91
52
64
19
87
97
96
83
33
55
57
43
82
51
54
60
9
76
73
45
79
46
42
72
28
62
94
10
24
59
48
26
39
71
86
14
90
4
40
98
25
38
70
1
74
34
3
23
20
36
11
16
80
88
100
53
68
8
5
31
2
6
81
89
85
27
30
78
92
49
29
18
22
21
50
86
66
60
51
71
85
11
99
57
79
54
3
41
47
68
91
36
6
63
18
43
37
45
100
94
39
88
32
97
40
21
90
4
80
83
23
56
52
31
10
58
48
44
53
27
67
72
34
16
82
78
20
15
92
17
1
38
49
28
87
59
46
65
89
98
81
69
9
73
74
75
55
70
29
96
12
13
7
95
14
42
26
30
22
35
33
24
19
84
61
64
62
25
2
93
8
77
50
76
5
36
6
63
18
43
37
45
100
94
39
88
32
97
40
21
90
4
80
83
23
56
52
31
10
58
48
44
53
27
67
72
34
16
82
78
20
15
92
17
1
38
49
28
87
59
46
65
89
98
81
69
9
73
74
75
55
70
29
96
12
13
7
95
14
42
26
30
22
35
33
24
19
84
61
64
62
25
2
93
8
77
50
76
5
36
6
63
18
43
37
45
100
94
39
88
32
97
40
21
90
4
80
83
23
56
52
31
10
58
48
